                           variant  split    n  days    win     exp    tot  t_day  ex_best  per_sig  diff_tot  diff_t  diff_ex_best
0                             base  train  497    30  0.549  0.1088  54.10   1.32    25.75   0.1088       NaN     NaN           NaN
1                             base  valid  116    13  0.500 -0.0222  -2.57  -0.18    -7.97  -0.0222       NaN     NaN           NaN
2                         a_sar_t1  train  626    30  0.526  0.0580  36.32   1.01    14.58   0.0731    -17.78   -1.34        -19.87
3                         a_sar_t1  valid  154    13  0.468 -0.0555  -8.55  -0.56   -12.92  -0.0737     -5.98   -0.96         -7.75
4                         a_sar_t2  train  626    30  0.510  0.0377  23.60   0.75    11.06   0.0475    -30.49   -1.57        -33.37
5                         a_sar_t2  valid  154    13  0.455 -0.0492  -7.58  -0.50   -11.96  -0.0654     -5.01   -0.76         -7.06
6                      a_sar_tNone  train  626    30  0.510  0.0396  24.80   0.78    12.27   0.0499    -29.29   -1.48        -34.03
7                      a_sar_tNone  valid  154    13  0.448 -0.0547  -8.43  -0.53   -12.80  -0.0727     -5.86   -0.93         -7.45
8                 b_stop05_re_None  train  497    30  0.416  0.0564  28.02   0.91     7.43   0.0564    -26.08   -1.75        -28.32
9                 b_stop05_re_None  valid  116    13  0.345 -0.0604  -7.00  -0.95    -9.58  -0.0604     -4.43   -0.49        -10.79
10                b_stop05_re_vwap  train  559    30  0.431  0.0658  36.79   1.06    10.65   0.0740    -17.31   -1.35        -19.54
11                b_stop05_re_vwap  valid  125    13  0.360 -0.0448  -5.60  -0.84    -8.18  -0.0483     -3.03   -0.32         -9.39
12                  b_stop05_re_hl  train  723    30  0.430  0.0769  55.57   1.13    22.15   0.1118      1.48    0.10         -9.80
13                  b_stop05_re_hl  valid  174    13  0.345 -0.0683 -11.89  -0.98   -14.47  -0.1025     -9.32   -2.30        -10.07
14              b_stop05_re_either  train  723    30  0.430  0.0769  55.57   1.13    22.15   0.1118      1.48    0.10         -9.80
15              b_stop05_re_either  valid  174    13  0.345 -0.0683 -11.89  -0.98   -14.47  -0.1025     -9.32   -2.30        -10.07
16             c_conf_prevhigh_30m  train  365    30  0.551  0.0976  35.63   1.05    15.37   0.0717    -18.46   -1.00        -26.97
17             c_conf_prevhigh_30m  valid   86    12  0.453 -0.1025  -8.81  -0.77   -14.17  -0.0760     -6.24   -0.89         -9.24
18             c_conf_prevhigh_60m  train  454    30  0.562  0.1194  54.20   1.31    25.65   0.1091      0.11    0.01         -8.40
19             c_conf_prevhigh_60m  valid  106    13  0.481 -0.0846  -8.97  -0.61   -15.55  -0.0773     -6.40   -0.92         -8.93
20                 c_conf_vwap_30m  train    4     4  0.750  0.3612   1.44   0.74     0.46   0.0029    -52.65   -1.30        -61.01
21                 c_conf_vwap_30m  valid    1     1  0.000 -1.0404  -1.04    NaN     0.00  -0.0090      1.53    0.11         -8.20
22                 c_conf_vwap_60m  train   34    15  0.559  0.1451   4.93   0.78    -0.20   0.0099    -49.16   -1.25        -57.52
23                 c_conf_vwap_60m  valid    7     5  0.286 -0.4776  -3.34  -0.98    -4.36  -0.0288     -0.77   -0.05        -10.51
24               c_conf_either_30m  train  365    30  0.551  0.0976  35.63   1.05    15.37   0.0717    -18.46   -1.00        -26.97
25               c_conf_either_30m  valid   86    12  0.453 -0.1025  -8.81  -0.77   -14.17  -0.0760     -6.24   -0.89         -9.24
26               c_conf_either_60m  train  454    30  0.562  0.1194  54.20   1.31    25.65   0.1091      0.11    0.01         -8.40
27               c_conf_either_60m  valid  106    13  0.481 -0.0846  -8.97  -0.61   -15.55  -0.0773     -6.40   -0.92         -8.93
28                   d_cont_ll1_t1  train  337    30  0.401 -0.2268 -76.42  -2.07   -80.55  -0.1538   -130.52   -1.69       -143.01
29                   d_cont_ll1_t1  valid   67    13  0.537  0.0522   3.50   0.28    -6.86   0.0302      6.07    0.24        -14.02
30              d_cont_ll1_trail05  train  337    30  0.487 -0.1910 -64.38  -1.71   -70.13  -0.1295   -118.47   -1.54       -132.58
31              d_cont_ll1_trail05  valid   67    13  0.687  0.0970   6.50   0.54    -4.31   0.0560      9.07    0.37        -11.48
32               d_cont_ll1_trail1  train  337    30  0.380 -0.2655 -89.49  -1.95   -93.85  -0.1801   -143.58   -1.68       -154.82
33               d_cont_ll1_trail1  valid   67    13  0.507 -0.0600  -4.02  -0.33   -13.35  -0.0347     -1.45   -0.06        -20.51
34                   d_cont_ll2_t1  train  141    26  0.447 -0.1392 -19.63  -0.98   -24.99  -0.0395    -73.72   -1.23        -87.44
35                   d_cont_ll2_t1  valid   41    12  0.439 -0.0872  -3.57  -0.38   -10.51  -0.0308     -1.00   -0.04        -17.67
36              d_cont_ll2_trail05  train  141    26  0.567 -0.0231  -3.25  -0.17    -9.79  -0.0065    -57.35   -1.00        -72.25
37              d_cont_ll2_trail05  valid   41    12  0.537 -0.0628  -2.57  -0.28   -10.02  -0.0222     -0.00   -0.00        -17.18
38               d_cont_ll2_trail1  train  141    26  0.447 -0.1659 -23.39  -1.07   -28.12  -0.0471    -77.49   -1.26        -90.57
39               d_cont_ll2_trail1  valid   41    12  0.415 -0.1504  -6.17  -0.82   -10.78  -0.0532     -3.60   -0.17        -17.95
40                   d_cont_ll3_t1  train   68    19  0.456 -0.0855  -5.82  -0.42   -10.16  -0.0117    -59.91   -1.16        -72.61
41                   d_cont_ll3_t1  valid   23     9  0.435 -0.0208  -0.48  -0.09    -3.87  -0.0041      2.09    0.11        -11.03
42              d_cont_ll3_trail05  train   68    19  0.559 -0.0222  -1.51  -0.10    -9.95  -0.0030    -55.61   -1.08        -69.15
43              d_cont_ll3_trail05  valid   23     9  0.739  0.1118   2.57   0.47    -1.10   0.0222      5.14    0.28         -8.26
44               d_cont_ll3_trail1  train   68    19  0.426 -0.1364  -9.28  -0.62   -14.65  -0.0187    -63.37   -1.21        -74.34
45               d_cont_ll3_trail1  valid   23     9  0.435 -0.1232  -2.83  -0.64    -4.99  -0.0244     -0.26   -0.02        -10.63
46                  e_cap1_allbars  train  243    30  0.519  0.0294   7.13   0.40    -0.08   0.0144    -46.96   -1.16        -52.16
47                  e_cap1_allbars  valid   81    13  0.556  0.0836   6.77   0.97     3.12   0.0584      9.34    0.98          1.92
48                  e_cap2_allbars  train  340    30  0.500  0.0109   3.70   0.16    -6.09   0.0074    -50.39   -1.52        -52.59
49                  e_cap2_allbars  valid  101    13  0.545  0.0688   6.95   0.75     1.56   0.0599      9.52    1.39          3.41
50                  e_cap3_allbars  train  383    30  0.514  0.0389  14.92   0.59     4.60   0.0300    -39.18   -1.44        -41.98
51                  e_cap3_allbars  valid  107    13  0.533  0.0457   4.89   0.44    -0.51   0.0422      7.46    1.47          3.40
52                  e_cap5_allbars  train  432    30  0.530  0.0732  31.62   1.05    17.59   0.0636    -22.48   -1.16        -24.00
53                  e_cap5_allbars  valid  113    13  0.513  0.0041   0.46   0.03    -4.94   0.0040      3.03    1.38          0.98
54                     e_cap1_1105  train  423    30  0.558  0.1160  49.09   1.16    17.33   0.0988     -5.01   -0.59         -8.42
55                     e_cap1_1105  valid  109    13  0.495 -0.0285  -3.11  -0.24    -8.50  -0.0268     -0.54   -0.17         -2.66
56                     e_cap2_1105  train  439    30  0.554  0.1151  50.53   1.21    19.82   0.1017     -3.57   -0.53         -5.93
57                     e_cap2_1105  valid  114    13  0.500 -0.0216  -2.46  -0.18    -7.86  -0.0212      0.11    0.07         -0.95
58                     e_cap3_1105  train  450    30  0.558  0.1251  56.29   1.32    24.58   0.1133      2.20    0.31         -1.17
59                     e_cap3_1105  valid  116    13  0.500 -0.0222  -2.57  -0.18    -7.97  -0.0222      0.00     NaN          0.00
60                     e_cap5_1105  train  469    30  0.554  0.1201  56.35   1.31    24.66   0.1134      2.25    0.49         -1.09
61                     e_cap5_1105  valid  116    13  0.500 -0.0222  -2.57  -0.18    -7.97  -0.0222      0.00     NaN          0.00
62                      f_breaker2  train  366    30  0.495  0.0162   5.92   0.23    -6.38   0.0119    -48.17   -1.15        -53.16
63                      f_breaker2  valid  104    13  0.481 -0.0591  -6.15  -0.41   -11.55  -0.0530     -3.58   -1.69         -3.61
64                      f_breaker3  train  385    30  0.496  0.0164   6.32   0.24    -5.98   0.0127    -47.78   -1.18        -52.76
65                      f_breaker3  valid  108    13  0.491 -0.0321  -3.46  -0.24    -8.86  -0.0299     -0.89   -0.96         -0.93
66           g_skip_spy_below_vwap  train  139    23  0.489 -0.0761 -10.58  -0.66   -17.23  -0.0213    -64.68   -1.77        -70.71
67           g_skip_spy_below_vwap  valid   47     9  0.553  0.0888   4.17   0.53    -1.22   0.0360      6.74    0.54         -3.89
68  g_skip_spy_below_vwap_and_open  train  185    25  0.470 -0.0642 -11.88  -0.62   -18.53  -0.0239    -65.98   -1.89        -71.34
69  g_skip_spy_below_vwap_and_open  valid   53     9  0.528  0.0383   2.03   0.24    -3.37   0.0175      4.60    0.45         -3.76
70     g_flip_short_spy_below_vwap  train  497    30  0.429 -0.1932 -96.04  -2.25  -101.99  -0.1932   -150.13   -1.94       -161.51
71     g_flip_short_spy_below_vwap  valid  116    13  0.543  0.0496   5.76   0.41    -3.98   0.0496      8.33    0.36        -11.15
72             e2_skip_cluster_ge3  train  254    30  0.469 -0.0631 -16.02  -0.76   -24.09  -0.0322    -70.12   -1.65        -74.99
73             e2_skip_cluster_ge3  valid   89    13  0.551  0.0966   8.60   1.00     3.20   0.0741     11.17    1.27          5.00
74             e2_skip_cluster_ge4  train  299    30  0.488 -0.0313  -9.35  -0.39   -19.28  -0.0188    -63.44   -1.60        -66.70
75             e2_skip_cluster_ge4  valid   95    13  0.547  0.0888   8.43   0.84     3.04   0.0727     11.00    1.46          4.83
76             e2_skip_cluster_ge6  train  362    30  0.500  0.0102   3.69   0.13    -8.61   0.0074    -50.41   -1.30        -53.67
77             e2_skip_cluster_ge6  valid  103    13  0.544  0.0559   5.76   0.52     0.37   0.0497      8.33    1.47          4.00
configs tried (task 1): 38
symbol                CAI   DHR    GH  GRML  KLAC   NET   TEM  TWLO  TWST  six_total  all_1105_total
variant                                                                                             
a_sar_t1            -2.23  0.98 -2.11 -0.39  0.97 -0.21 -0.05  0.13  0.03      -4.62           -2.88
a_sar_t2            -2.23  0.98 -2.11 -0.39  0.97 -0.21  0.95  0.55  1.03      -2.20           -0.46
a_sar_tNone         -2.23  0.98 -2.11 -0.39  0.97 -0.21  0.75  0.55  3.29      -0.14            1.60
b_stop05_re_None    -0.61  0.98 -0.56 -0.55  0.97 -0.52 -0.54 -0.36 -0.46      -3.08           -1.65
b_stop05_re_either  -1.22  0.98  0.63 -0.44  0.97 -0.32 -1.10 -0.95 -1.02      -4.10           -2.47
b_stop05_re_hl      -1.22  0.98  0.63 -0.44  0.97 -0.32 -1.10 -0.95 -1.02      -4.10           -2.47
b_stop05_re_vwap    -0.61  0.98 -0.56 -0.55  0.97 -0.52 -0.54 -0.36 -0.46      -3.08           -1.65
base                -1.11  0.98 -1.06 -0.39  0.97 -0.21 -1.04 -0.86 -0.96      -5.42           -3.68
c_conf_either_30m    0.00 -1.05  1.19  0.00 -1.06 -0.53  0.00 -1.03  0.00       0.16           -2.48
c_conf_either_60m   -1.10 -1.05  1.19  0.00 -1.06 -0.53  0.00 -1.03 -1.06      -2.00           -4.64
c_conf_prevhigh_30m  0.00 -1.05  1.19  0.00 -1.06 -0.53  0.00 -1.03  0.00       0.16           -2.48
c_conf_prevhigh_60m -1.10 -1.05  1.19  0.00 -1.06 -0.53  0.00 -1.03 -1.06      -2.00           -4.64
c_conf_vwap_30m      0.00  0.00  0.00  0.00  0.00  0.00  0.00  0.00  0.00       0.00            0.00
c_conf_vwap_60m      0.00  0.00  0.00  0.00  0.00  0.00  0.00  0.00  0.00       0.00            0.00
d_cont_ll1_t1        0.00  0.00 -1.04  0.27  0.00  0.00  0.97  0.00  0.00       0.20            0.20
d_cont_ll1_trail05   0.00  0.00  0.29  0.27  0.00  0.00  0.07  0.00  0.00       0.63            0.63
d_cont_ll1_trail1    0.00  0.00 -1.04  0.27  0.00  0.00  3.30  0.00  0.00       2.53            2.53
d_cont_ll2_t1        0.00  0.00 -1.05  0.00  0.00  0.00  0.00  0.00  0.00      -1.05           -1.05
d_cont_ll2_trail05   0.00  0.00 -1.05  0.00  0.00  0.00  0.00  0.00  0.00      -1.05           -1.05
d_cont_ll2_trail1    0.00  0.00 -1.05  0.00  0.00  0.00  0.00  0.00  0.00      -1.05           -1.05
d_cont_ll3_t1        0.00  0.00  0.00  0.00  0.00  0.00  0.00  0.00  0.00       0.00            0.00
d_cont_ll3_trail05   0.00  0.00  0.00  0.00  0.00  0.00  0.00  0.00  0.00       0.00            0.00
d_cont_ll3_trail1    0.00  0.00  0.00  0.00  0.00  0.00  0.00  0.00  0.00       0.00            0.00
10-06 11:04 SPY: below VWAP=False, below open=False
10-06 11:04 QQQ: below VWAP=False, below open=False
10-06 11:05 scores: {'GRML': 77.1, 'TEM': 74.3, 'TWST': 74.0, 'TWLO': 72.9, 'GH': 69.2, 'KLAC': 67.1, 'DHR': 66.8, 'NET': 59.9, 'CAI': 58.4}
cap k=1: keeps ['GRML'] -> base R -0.39 (all 9 11:05 entries -3.68)
cap k=2: keeps ['GRML', 'TEM'] -> base R -1.43 (all 9 11:05 entries -3.68)
cap k=3: keeps ['GRML', 'TEM', 'TWST'] -> base R -2.39 (all 9 11:05 entries -3.68)
cap k=5: keeps ['GRML', 'TEM', 'TWST', 'TWLO', 'GH'] -> base R -4.31 (all 9 11:05 entries -3.68)
